-10.00000 0.54402
-9.90000 0.45754
-9.80000 0.36648
-9.70000 0.27176
-9.60000 0.17433
-9.50000 0.07515
-9.40000 -0.02478
-9.30000 -0.12446
-9.20000 -0.22289
-9.10000 -0.31910
-9.00000 -0.41212
-8.90000 -0.50102
-8.80000 -0.58492
-8.70000 -0.66297
-8.59999 -0.73440
-8.49999 -0.79849
-8.39999 -0.85460
-8.29999 -0.90217
-8.19999 -0.94073
-8.09999 -0.96989
-7.99999 -0.98936
-7.89999 -0.99894
-7.79999 -0.99854
-7.69999 -0.98817
-7.59999 -0.96792
-7.49999 -0.93800
-7.39999 -0.89871
-7.29999 -0.85043
-7.19999 -0.79366
-7.09999 -0.72896
-6.99999 -0.65698
-6.89999 -0.57843
-6.79999 -0.49411
-6.69999 -0.40484
-6.59999 -0.31154
-6.49999 -0.21511
-6.39999 -0.11654
-6.29999 -0.01681
-6.19999 0.08309
-6.09999 0.18217
-5.99999 0.27942
-5.89999 0.37388
-5.79999 0.46461
-5.70000 0.55069
-5.60000 0.63127
-5.50000 0.70554
-5.40000 0.77277
-5.30000 0.83227
-5.20000 0.88346
-5.10000 0.92582
-5.00000 0.95893
-4.90000 0.98245
-4.80000 0.99616
-4.70000 0.99992
-4.60000 0.99369
-4.50000 0.97753
-4.40000 0.95160
-4.30000 0.91616
-4.20000 0.87157
-4.10000 0.81828
-4.00000 0.75680
-3.90000 0.68776
-3.80000 0.61186
-3.70000 0.52983
-3.60000 0.44252
-3.50000 0.35078
-3.40000 0.25554
-3.30000 0.15774
-3.20000 0.05837
-3.10000 -0.04158
-3.00000 -0.14112
-2.90000 -0.23925
-2.80000 -0.33499
-2.70000 -0.42738
-2.60000 -0.51550
-2.50000 -0.59847
-2.40000 -0.67546
-2.30000 -0.74571
-2.20000 -0.80850
-2.10000 -0.86321
-2.00000 -0.90930
-1.90000 -0.94630
-1.80000 -0.97385
-1.70000 -0.99167
-1.60000 -0.99957
-1.50000 -0.99749
-1.40000 -0.98545
-1.30000 -0.96356
-1.20000 -0.93204
-1.10000 -0.89121
-1.00000 -0.84147
-0.90000 -0.78333
-0.80000 -0.71735
-0.70000 -0.64422
-0.60000 -0.56464
-0.50000 -0.47942
-0.40000 -0.38942
-0.30000 -0.29552
-0.20000 -0.19867
-0.10000 -0.09983
0.00000 0.00000
0.10000 0.09984
0.20000 0.19867
0.30000 0.29552
0.40000 0.38942
0.50000 0.47943
0.60000 0.56464
0.70000 0.64422
0.80000 0.71736
0.90000 0.78333
1.00000 0.84147
1.10000 0.89121
1.20000 0.93204
1.30000 0.96356
1.40000 0.98545
1.50000 0.99750
1.60000 0.99957
1.70000 0.99166
1.80000 0.97385
1.90000 0.94630
2.00000 0.90930
2.10000 0.86321
2.20000 0.80850
2.30000 0.74570
2.40000 0.67546
2.50000 0.59847
2.60000 0.51550
2.70000 0.42738
2.80000 0.33499
2.90000 0.23925
3.00000 0.14112
3.10000 0.04158
3.20000 -0.05838
3.30000 -0.15775
3.40000 -0.25554
3.50000 -0.35078
3.60000 -0.44252
3.70000 -0.52984
3.80000 -0.61186
3.90000 -0.68777
4.00000 -0.75680
4.10000 -0.81828
4.20000 -0.87158
4.30000 -0.91617
4.40000 -0.95160
4.50000 -0.97753
4.60000 -0.99369
4.70000 -0.99992
4.80000 -0.99616
4.90000 -0.98245
5.00000 -0.95892
5.10000 -0.92581
5.20000 -0.88345
5.30000 -0.83227
5.40000 -0.77277
5.50000 -0.70554
5.60000 -0.63127
5.70000 -0.55069
5.80000 -0.46460
5.90000 -0.37388
6.00000 -0.27942
6.10000 -0.18216
6.20000 -0.08309
6.30000 0.01681
6.40000 0.11655
6.50000 0.21512
6.60000 0.31154
6.70000 0.40485
6.80000 0.49411
6.90000 0.57844
7.00000 0.65698
7.10000 0.72897
7.20000 0.79367
7.30000 0.85044
7.40000 0.89871
7.50000 0.93800
7.60000 0.96792
7.70000 0.98817
7.80000 0.99854
7.90000 0.99894
8.00000 0.98936
8.10000 0.96989
8.20000 0.94073
8.30000 0.90217
8.40000 0.85460
8.50000 0.79849
8.60000 0.73440
8.70000 0.66297
8.80000 0.58492
8.90000 0.50102
9.00000 0.41212
9.10000 0.31910
9.20000 0.22289
9.30000 0.12445
9.40000 0.02477
9.50000 -0.07515
9.60000 -0.17433
9.70000 -0.27176
9.80000 -0.36648
9.90000 -0.45754
